8.296000000000000041e-01 1.703999999999999959e-01
7.955999999999999739e-01 2.043999999999999984e-01
4.699999999999999734e-01 5.300000000000000266e-01
4.213999999999999968e-01 5.786000000000000032e-01
5.033999999999999586e-01 4.965999999999999859e-01
3.247999999999999776e-01 6.752000000000000224e-01
4.806000000000000272e-01 5.193999999999999728e-01
3.165999999999999925e-01 6.834000000000000075e-01
8.352000000000000535e-01 1.648000000000000020e-01
6.837999999999999634e-01 3.161999999999999811e-01
6.383999999999999675e-01 3.615999999999999770e-01
6.959999999999999520e-01 3.039999999999999925e-01
5.208000000000000407e-01 4.792000000000000148e-01
6.024000000000000465e-01 3.976000000000000090e-01
1.862000000000000044e-01 8.137999999999999678e-01
6.124000000000000554e-01 3.876000000000000001e-01
2.510000000000000009e-01 7.489999999999999991e-01
4.971999999999999753e-01 5.028000000000000247e-01
7.176000000000000156e-01 2.823999999999999844e-01
4.318000000000000171e-01 5.682000000000000384e-01
7.501999999999999780e-01 2.497999999999999943e-01
5.001999999999999780e-01 4.998000000000000220e-01
4.076000000000000179e-01 5.924000000000000377e-01
5.886000000000000121e-01 4.113999999999999879e-01
7.700000000000000178e-01 2.300000000000000100e-01
2.757999999999999896e-01 7.241999999999999549e-01
3.805999999999999939e-01 6.193999999999999506e-01
6.845999999999999863e-01 3.154000000000000137e-01
4.012000000000000011e-01 5.987999999999999989e-01
5.018000000000000238e-01 4.981999999999999762e-01
7.399999999999999911e-01 2.600000000000000089e-01
5.036000000000000476e-01 4.964000000000000079e-01
8.481999999999999540e-01 1.517999999999999905e-01
5.345999999999999641e-01 4.653999999999999804e-01
5.816000000000000059e-01 4.183999999999999941e-01
4.295999999999999819e-01 5.704000000000000181e-01
2.524000000000000132e-01 7.476000000000000423e-01
5.889999999999999680e-01 4.109999999999999765e-01
7.912000000000000144e-01 2.088000000000000134e-01
5.842000000000000526e-01 4.158000000000000029e-01
7.568000000000000282e-01 2.431999999999999995e-01
4.954000000000000070e-01 5.046000000000000485e-01
5.165999999999999481e-01 4.833999999999999964e-01
8.314000000000000279e-01 1.685999999999999999e-01
1.342000000000000137e-01 8.658000000000000140e-01
5.949999999999999734e-01 4.050000000000000266e-01
5.806000000000000050e-01 4.193999999999999950e-01
9.088000000000000522e-01 9.120000000000000329e-02
2.979999999999999871e-01 7.019999999999999574e-01
7.217999999999999972e-01 2.782000000000000028e-01
7.114000000000000323e-01 2.886000000000000232e-01
7.468000000000000194e-01 2.531999999999999806e-01
4.228000000000000091e-01 5.772000000000000464e-01
3.894000000000000239e-01 6.106000000000000316e-01
3.850000000000000089e-01 6.149999999999999911e-01
5.577999999999999625e-01 4.421999999999999820e-01
6.425999999999999490e-01 3.573999999999999955e-01
5.208000000000000407e-01 4.792000000000000148e-01
6.131999999999999673e-01 3.867999999999999772e-01
3.018000000000000127e-01 6.982000000000000428e-01
6.461999999999999966e-01 3.538000000000000034e-01
6.560000000000000275e-01 3.439999999999999725e-01
7.378000000000000114e-01 2.621999999999999886e-01
3.738000000000000211e-01 6.261999999999999789e-01
5.050000000000000044e-01 4.949999999999999956e-01
5.053999999999999604e-01 4.945999999999999841e-01
6.411999999999999922e-01 3.588000000000000078e-01
6.717999999999999527e-01 3.281999999999999917e-01
4.504000000000000226e-01 5.495999999999999774e-01
7.461999999999999744e-01 2.538000000000000256e-01
6.008000000000000007e-01 3.991999999999999993e-01
5.577999999999999625e-01 4.421999999999999820e-01
1.154000000000000026e-01 8.846000000000000529e-01
6.159999999999999920e-01 3.840000000000000080e-01
6.149999999999999911e-01 3.850000000000000089e-01
5.602000000000000313e-01 4.398000000000000242e-01
5.787999999999999812e-01 4.212000000000000188e-01
5.687999999999999723e-01 4.312000000000000277e-01
4.951999999999999735e-01 5.048000000000000265e-01
4.388000000000000234e-01 5.612000000000000322e-01
4.941999999999999726e-01 5.058000000000000274e-01
7.768000000000000460e-01 2.232000000000000095e-01
4.136000000000000232e-01 5.864000000000000323e-01
3.443999999999999839e-01 6.555999999999999606e-01
6.538000000000000478e-01 3.462000000000000077e-01
2.275999999999999968e-01 7.723999999999999755e-01
5.453999999999999959e-01 4.546000000000000041e-01
6.428000000000000380e-01 3.572000000000000175e-01
5.026000000000000467e-01 4.974000000000000088e-01
4.053999999999999826e-01 5.946000000000000174e-01
6.995999999999999996e-01 3.004000000000000004e-01
3.353999999999999759e-01 6.645999999999999686e-01
5.924000000000000377e-01 4.076000000000000179e-01
3.168000000000000260e-01 6.832000000000000295e-01
4.056000000000000161e-01 5.944000000000000394e-01
6.148000000000000131e-01 3.851999999999999869e-01
7.586000000000000520e-01 2.414000000000000035e-01
6.138000000000000123e-01 3.861999999999999877e-01
5.482000000000000206e-01 4.517999999999999794e-01
2.265999999999999959e-01 7.733999999999999764e-01
7.661999999999999922e-01 2.338000000000000078e-01
5.145999999999999464e-01 4.853999999999999981e-01
8.339999999999999636e-01 1.660000000000000087e-01
4.981999999999999762e-01 5.018000000000000238e-01
2.853999999999999870e-01 7.146000000000000130e-01
8.074000000000000066e-01 1.925999999999999934e-01
4.092000000000000082e-01 5.907999999999999918e-01
6.151999999999999691e-01 3.847999999999999754e-01
2.290000000000000091e-01 7.710000000000000187e-01
6.909999999999999476e-01 3.089999999999999969e-01
4.178000000000000047e-01 5.822000000000000508e-01
3.422000000000000042e-01 6.578000000000000513e-01
4.636000000000000121e-01 5.363999999999999879e-01
5.544000000000000039e-01 4.455999999999999961e-01
2.753999999999999782e-01 7.246000000000000218e-01
6.423999999999999710e-01 3.575999999999999734e-01
4.832000000000000184e-01 5.168000000000000371e-01
5.662000000000000366e-01 4.338000000000000189e-01
5.587999999999999634e-01 4.411999999999999811e-01
2.449999999999999956e-01 7.550000000000000044e-01
6.266000000000000458e-01 3.734000000000000097e-01
4.087999999999999967e-01 5.911999999999999478e-01
8.890000000000000124e-01 1.110000000000000014e-01
5.502000000000000224e-01 4.497999999999999776e-01
5.323999999999999844e-01 4.676000000000000156e-01
1.809999999999999942e-01 8.189999999999999503e-01
5.021999999999999797e-01 4.978000000000000203e-01
4.348000000000000198e-01 5.652000000000000357e-01
5.497999999999999554e-01 4.501999999999999891e-01
3.608000000000000096e-01 6.391999999999999904e-01
8.075999999999999845e-01 1.923999999999999877e-01
4.437999999999999723e-01 5.562000000000000277e-01
5.642000000000000348e-01 4.358000000000000207e-01
5.729999999999999538e-01 4.269999999999999907e-01
6.216000000000000414e-01 3.784000000000000141e-01
7.314000000000000501e-01 2.686000000000000054e-01
6.203999999999999515e-01 3.795999999999999930e-01
7.022000000000000464e-01 2.978000000000000091e-01
7.076000000000000068e-01 2.923999999999999932e-01
6.171999999999999709e-01 3.827999999999999736e-01
4.245999999999999774e-01 5.754000000000000226e-01
2.106000000000000094e-01 7.893999999999999906e-01
3.855999999999999983e-01 6.143999999999999462e-01
7.428000000000000158e-01 2.571999999999999842e-01
8.978000000000000425e-01 1.021999999999999992e-01
4.520000000000000129e-01 5.480000000000000426e-01
3.864000000000000212e-01 6.136000000000000343e-01
4.275999999999999801e-01 5.724000000000000199e-01
6.188000000000000167e-01 3.811999999999999833e-01
6.173999999999999488e-01 3.825999999999999956e-01
5.632000000000000339e-01 4.368000000000000216e-01
3.825999999999999956e-01 6.173999999999999488e-01
7.129999999999999671e-01 2.869999999999999774e-01
5.826000000000000068e-01 4.173999999999999932e-01
6.471999999999999975e-01 3.528000000000000025e-01
6.491999999999999993e-01 3.508000000000000007e-01
5.497999999999999554e-01 4.501999999999999891e-01
2.321999999999999897e-01 7.678000000000000380e-01
4.573999999999999733e-01 5.425999999999999712e-01
4.526000000000000023e-01 5.473999999999999977e-01
5.063999999999999613e-01 4.935999999999999832e-01
2.564000000000000168e-01 7.436000000000000387e-01
5.705999999999999961e-01 4.294000000000000039e-01
4.613999999999999768e-01 5.385999999999999677e-01
6.982000000000000428e-01 3.018000000000000127e-01
6.500000000000000222e-01 3.499999999999999778e-01
6.623999999999999888e-01 3.376000000000000112e-01
3.874000000000000221e-01 6.126000000000000334e-01
8.214000000000000190e-01 1.786000000000000087e-01
3.921999999999999931e-01 6.078000000000000069e-01
6.375999999999999446e-01 3.623999999999999999e-01
8.197999999999999732e-01 1.801999999999999991e-01
4.497999999999999776e-01 5.502000000000000224e-01
5.128000000000000336e-01 4.872000000000000219e-01
3.473999999999999866e-01 6.525999999999999579e-01
7.024000000000000243e-01 2.975999999999999757e-01
3.427999999999999936e-01 6.572000000000000064e-01
4.822000000000000175e-01 5.178000000000000380e-01
4.945999999999999841e-01 5.053999999999999604e-01
7.368000000000000105e-01 2.631999999999999895e-01
3.578000000000000069e-01 6.421999999999999931e-01
7.151999999999999469e-01 2.847999999999999976e-01
6.618000000000000549e-01 3.382000000000000006e-01
4.848000000000000087e-01 5.151999999999999913e-01
3.453999999999999848e-01 6.545999999999999597e-01
4.507999999999999785e-01 5.492000000000000215e-01
6.310000000000000053e-01 3.689999999999999947e-01
4.670000000000000262e-01 5.330000000000000293e-01
5.605999999999999872e-01 4.394000000000000128e-01
6.585999999999999632e-01 3.413999999999999813e-01
5.442000000000000171e-01 4.557999999999999829e-01
3.024000000000000021e-01 6.975999999999999979e-01
2.797999999999999932e-01 7.201999999999999513e-01
4.812000000000000166e-01 5.188000000000000389e-01
7.728000000000000425e-01 2.272000000000000131e-01
5.140000000000000124e-01 4.859999999999999876e-01
8.032000000000000250e-01 1.968000000000000027e-01
2.646000000000000019e-01 7.354000000000000536e-01
3.997999999999999887e-01 6.001999999999999558e-01
4.172000000000000153e-01 5.827999999999999847e-01
2.962000000000000188e-01 7.037999999999999812e-01
7.556000000000000494e-01 2.444000000000000061e-01
2.416000000000000092e-01 7.583999999999999631e-01
3.361999999999999988e-01 6.637999999999999456e-01
6.914000000000000146e-01 3.085999999999999854e-01
4.919999999999999929e-01 5.080000000000000071e-01
5.245999999999999552e-01 4.753999999999999893e-01
6.503999999999999782e-01 3.496000000000000218e-01
6.784000000000000030e-01 3.215999999999999970e-01
7.416000000000000369e-01 2.584000000000000186e-01
1.904000000000000137e-01 8.095999999999999863e-01
5.293999999999999817e-01 4.706000000000000183e-01
5.931999999999999496e-01 4.067999999999999949e-01
8.871999999999999886e-01 1.127999999999999975e-01
3.553999999999999937e-01 6.445999999999999508e-01
5.387999999999999456e-01 4.611999999999999988e-01
4.384000000000000119e-01 5.615999999999999881e-01
4.321999999999999731e-01 5.677999999999999714e-01
7.052000000000000490e-01 2.948000000000000065e-01
8.519999999999999796e-01 1.479999999999999927e-01
6.483999999999999764e-01 3.516000000000000236e-01
4.500000000000000111e-01 5.500000000000000444e-01
7.214000000000000412e-01 2.786000000000000143e-01
8.110000000000000542e-01 1.890000000000000013e-01
5.527999999999999581e-01 4.471999999999999864e-01
2.757999999999999896e-01 7.241999999999999549e-01
4.941999999999999726e-01 5.058000000000000274e-01
4.570000000000000173e-01 5.430000000000000382e-01
6.273999999999999577e-01 3.725999999999999868e-01
5.737999999999999767e-01 4.262000000000000233e-01
5.228000000000000425e-01 4.772000000000000131e-01
8.272000000000000464e-01 1.728000000000000091e-01
7.755999999999999561e-01 2.243999999999999884e-01
5.495999999999999774e-01 4.504000000000000226e-01
4.096000000000000196e-01 5.904000000000000359e-01
5.292000000000000037e-01 4.707999999999999963e-01
5.679999999999999494e-01 4.319999999999999951e-01
9.215999999999999748e-01 7.839999999999999747e-02
7.738000000000000433e-01 2.262000000000000122e-01
5.295999999999999597e-01 4.703999999999999848e-01
4.882000000000000228e-01 5.118000000000000327e-01
6.081999999999999629e-01 3.917999999999999816e-01
3.864000000000000212e-01 6.136000000000000343e-01
4.072000000000000064e-01 5.927999999999999936e-01
4.517999999999999794e-01 5.482000000000000206e-01
8.588000000000000078e-01 1.411999999999999922e-01
4.570000000000000173e-01 5.430000000000000382e-01
6.885999999999999899e-01 3.114000000000000101e-01
6.643999999999999906e-01 3.356000000000000094e-01
5.292000000000000037e-01 4.707999999999999963e-01
5.944000000000000394e-01 4.056000000000000161e-01
4.727999999999999980e-01 5.272000000000000020e-01
6.804000000000000048e-01 3.195999999999999952e-01
5.742000000000000437e-01 4.258000000000000118e-01
5.240000000000000213e-01 4.759999999999999787e-01
2.338000000000000078e-01 7.661999999999999922e-01
3.675999999999999823e-01 6.323999999999999622e-01
5.874000000000000332e-01 4.126000000000000223e-01
3.871999999999999886e-01 6.128000000000000114e-01
6.430000000000000160e-01 3.569999999999999840e-01
6.326000000000000512e-01 3.674000000000000044e-01
7.685999999999999499e-01 2.313999999999999946e-01
9.130000000000000338e-01 8.699999999999999400e-02
5.961999999999999522e-01 4.037999999999999923e-01
4.228000000000000091e-01 5.772000000000000464e-01
8.040000000000000480e-01 1.960000000000000075e-01
6.483999999999999764e-01 3.516000000000000236e-01
5.987999999999999989e-01 4.012000000000000011e-01
7.429999999999999938e-01 2.570000000000000062e-01
4.249999999999999889e-01 5.749999999999999556e-01
8.259999999999999565e-01 1.739999999999999880e-01
7.167999999999999927e-01 2.832000000000000073e-01
6.078000000000000069e-01 3.921999999999999931e-01
4.228000000000000091e-01 5.772000000000000464e-01
5.729999999999999538e-01 4.269999999999999907e-01
4.580000000000000182e-01 5.420000000000000373e-01
5.410000000000000364e-01 4.590000000000000191e-01
5.070000000000000062e-01 4.929999999999999938e-01
3.910000000000000142e-01 6.089999999999999858e-01
6.532000000000000028e-01 3.467999999999999972e-01
5.887999999999999901e-01 4.112000000000000099e-01
5.807999999999999829e-01 4.192000000000000171e-01
5.295999999999999597e-01 4.703999999999999848e-01
5.612000000000000322e-01 4.388000000000000234e-01
7.278000000000000025e-01 2.721999999999999975e-01
5.907999999999999918e-01 4.092000000000000082e-01
5.504000000000000004e-01 4.495999999999999996e-01
8.396000000000000130e-01 1.603999999999999870e-01
3.628000000000000114e-01 6.371999999999999886e-01
5.108000000000000318e-01 4.892000000000000237e-01
7.421999999999999709e-01 2.577999999999999736e-01
6.460000000000000187e-01 3.539999999999999813e-01
2.869999999999999774e-01 7.129999999999999671e-01
4.229999999999999871e-01 5.769999999999999574e-01
8.995999999999999552e-01 1.004000000000000031e-01
3.487999999999999989e-01 6.512000000000000011e-01
7.556000000000000494e-01 2.444000000000000061e-01
5.754000000000000226e-01 4.245999999999999774e-01
4.739999999999999769e-01 5.260000000000000231e-01
6.136000000000000343e-01 3.864000000000000212e-01
5.504000000000000004e-01 4.495999999999999996e-01
7.441999999999999726e-01 2.558000000000000274e-01
7.598000000000000309e-01 2.401999999999999968e-01
6.914000000000000146e-01 3.085999999999999854e-01
2.394000000000000017e-01 7.606000000000000538e-01
3.427999999999999936e-01 6.572000000000000064e-01
8.034000000000000030e-01 1.965999999999999970e-01
4.699999999999999734e-01 5.300000000000000266e-01
5.362000000000000099e-01 4.637999999999999901e-01
6.373999999999999666e-01 3.625999999999999779e-01
5.715999999999999970e-01 4.284000000000000030e-01
4.571999999999999953e-01 5.427999999999999492e-01
6.780000000000000471e-01 3.220000000000000084e-01
5.620000000000000551e-01 4.380000000000000004e-01
7.725999999999999535e-01 2.273999999999999910e-01
4.666000000000000147e-01 5.333999999999999853e-01
3.536000000000000254e-01 6.463999999999999746e-01
6.163999999999999480e-01 3.835999999999999965e-01
4.249999999999999889e-01 5.749999999999999556e-01
4.264000000000000012e-01 5.735999999999999988e-01
5.198000000000000398e-01 4.802000000000000157e-01
5.363999999999999879e-01 4.636000000000000121e-01
4.258000000000000118e-01 5.742000000000000437e-01
6.201999999999999735e-01 3.798000000000000265e-01
5.443999999999999950e-01 4.556000000000000050e-01
7.558000000000000274e-01 2.442000000000000004e-01
6.652000000000000135e-01 3.347999999999999865e-01
5.403999999999999915e-01 4.596000000000000085e-01
7.226000000000000201e-01 2.773999999999999799e-01
7.655999999999999472e-01 2.343999999999999972e-01
7.895999999999999686e-01 2.104000000000000037e-01
6.121999999999999664e-01 3.877999999999999781e-01
6.870000000000000551e-01 3.130000000000000004e-01
4.935999999999999832e-01 5.063999999999999613e-01
4.193999999999999950e-01 5.806000000000000050e-01
1.894000000000000128e-01 8.105999999999999872e-01
7.177999999999999936e-01 2.822000000000000064e-01
5.547999999999999599e-01 4.451999999999999846e-01
4.945999999999999841e-01 5.053999999999999604e-01
6.498000000000000442e-01 3.502000000000000113e-01
6.480000000000000204e-01 3.519999999999999796e-01
7.591999999999999860e-01 2.407999999999999863e-01
2.923999999999999932e-01 7.076000000000000068e-01
2.872000000000000108e-01 7.127999999999999892e-01
2.949999999999999845e-01 7.049999999999999600e-01
3.592000000000000193e-01 6.408000000000000362e-01
6.059999999999999831e-01 3.940000000000000169e-01
6.865999999999999881e-01 3.134000000000000119e-01
4.179999999999999827e-01 5.819999999999999618e-01
3.271999999999999909e-01 6.727999999999999536e-01
4.461999999999999855e-01 5.537999999999999590e-01
4.702000000000000068e-01 5.298000000000000487e-01
4.808000000000000052e-01 5.191999999999999948e-01
4.835999999999999743e-01 5.163999999999999702e-01
2.959999999999999853e-01 7.039999999999999591e-01
5.709999999999999520e-01 4.289999999999999925e-01
3.161999999999999811e-01 6.837999999999999634e-01
6.733999999999999986e-01 3.266000000000000014e-01
3.221999999999999864e-01 6.777999999999999581e-01
1.885999999999999899e-01 8.114000000000000101e-01
4.312000000000000277e-01 5.687999999999999723e-01
8.042000000000000259e-01 1.958000000000000018e-01
5.745999999999999996e-01 4.254000000000000004e-01
6.972000000000000419e-01 3.028000000000000136e-01
4.249999999999999889e-01 5.749999999999999556e-01
7.845999999999999641e-01 2.154000000000000081e-01
4.677999999999999936e-01 5.322000000000000064e-01
3.725999999999999868e-01 6.273999999999999577e-01
3.075999999999999845e-01 6.924000000000000155e-01
9.325999999999999845e-01 6.740000000000000158e-02
3.234000000000000208e-01 6.765999999999999792e-01
6.026000000000000245e-01 3.973999999999999755e-01
4.838000000000000078e-01 5.161999999999999922e-01
5.342000000000000082e-01 4.657999999999999918e-01
5.308000000000000496e-01 4.692000000000000060e-01
5.128000000000000336e-01 4.872000000000000219e-01
3.062000000000000277e-01 6.937999999999999723e-01
2.565999999999999948e-01 7.433999999999999497e-01
6.198000000000000176e-01 3.801999999999999824e-01
5.300000000000000266e-01 4.699999999999999734e-01
6.353999999999999648e-01 3.645999999999999797e-01
4.540000000000000147e-01 5.460000000000000409e-01
5.140000000000000124e-01 4.859999999999999876e-01
7.748000000000000442e-01 2.252000000000000113e-01
7.543999999999999595e-01 2.456000000000000127e-01
5.253999999999999782e-01 4.746000000000000218e-01
6.538000000000000478e-01 3.462000000000000077e-01
5.033999999999999586e-01 4.965999999999999859e-01
5.018000000000000238e-01 4.981999999999999762e-01
8.646000000000000352e-01 1.353999999999999926e-01
4.596000000000000085e-01 5.403999999999999915e-01
9.274000000000000021e-01 7.259999999999999787e-02
3.874000000000000221e-01 6.126000000000000334e-01
4.875999999999999779e-01 5.123999999999999666e-01
3.048000000000000154e-01 6.952000000000000401e-01
7.039999999999999591e-01 2.959999999999999853e-01
5.574000000000000066e-01 4.425999999999999934e-01
5.774000000000000243e-01 4.225999999999999757e-01
5.265999999999999570e-01 4.733999999999999875e-01
8.489999999999999769e-01 1.509999999999999953e-01
7.324000000000000510e-01 2.676000000000000045e-01
4.471999999999999864e-01 5.527999999999999581e-01
3.887999999999999790e-01 6.111999999999999655e-01
8.521999999999999575e-01 1.477999999999999869e-01
4.573999999999999733e-01 5.425999999999999712e-01
6.610000000000000320e-01 3.390000000000000235e-01
3.768000000000000238e-01 6.231999999999999762e-01
5.906000000000000139e-01 4.093999999999999861e-01
6.368000000000000327e-01 3.632000000000000228e-01
2.634000000000000230e-01 7.366000000000000325e-01
5.590000000000000524e-01 4.410000000000000031e-01
4.391999999999999793e-01 5.607999999999999652e-01
5.872000000000000552e-01 4.128000000000000003e-01
7.349999999999999867e-01 2.650000000000000133e-01
3.290000000000000147e-01 6.710000000000000409e-01
8.816000000000000503e-01 1.184000000000000052e-01
4.484000000000000208e-01 5.515999999999999792e-01
4.904000000000000026e-01 5.096000000000000529e-01
2.817999999999999949e-01 7.181999999999999496e-01
5.457999999999999519e-01 4.541999999999999926e-01
5.587999999999999634e-01 4.411999999999999811e-01
7.042000000000000481e-01 2.958000000000000074e-01
5.627999999999999670e-01 4.371999999999999775e-01
4.597999999999999865e-01 5.402000000000000135e-01
7.793999999999999817e-01 2.205999999999999905e-01
6.720000000000000417e-01 3.280000000000000138e-01
6.985999999999999988e-01 3.014000000000000012e-01
6.797999999999999599e-01 3.201999999999999846e-01
6.785999999999999810e-01 3.214000000000000190e-01
7.833999999999999853e-01 2.165999999999999870e-01
8.154000000000000137e-01 1.845999999999999863e-01
6.024000000000000465e-01 3.976000000000000090e-01
3.695999999999999841e-01 6.303999999999999604e-01
4.112000000000000099e-01 5.887999999999999901e-01
6.944000000000000172e-01 3.055999999999999828e-01
8.506000000000000227e-01 1.494000000000000050e-01
5.130000000000000115e-01 4.869999999999999885e-01
5.565999999999999837e-01 4.434000000000000163e-01
3.608000000000000096e-01 6.391999999999999904e-01
6.830000000000000515e-01 3.170000000000000040e-01
6.231999999999999762e-01 3.768000000000000238e-01
4.116000000000000214e-01 5.884000000000000341e-01
5.514000000000000012e-01 4.485999999999999988e-01
6.266000000000000458e-01 3.734000000000000097e-01
4.632000000000000006e-01 5.368000000000000549e-01
4.899999999999999911e-01 5.100000000000000089e-01
4.717999999999999972e-01 5.282000000000000028e-01
3.754000000000000115e-01 6.246000000000000441e-01
6.723999999999999977e-01 3.276000000000000023e-01
6.914000000000000146e-01 3.085999999999999854e-01
6.021999999999999575e-01 3.977999999999999869e-01
5.527999999999999581e-01 4.471999999999999864e-01
6.034000000000000474e-01 3.966000000000000081e-01
7.421999999999999709e-01 2.577999999999999736e-01
4.540000000000000147e-01 5.460000000000000409e-01
6.373999999999999666e-01 3.625999999999999779e-01
2.270000000000000073e-01 7.730000000000000204e-01
5.413999999999999924e-01 4.586000000000000076e-01
6.388000000000000345e-01 3.612000000000000210e-01
2.449999999999999956e-01 7.550000000000000044e-01
7.641999999999999904e-01 2.358000000000000096e-01
5.480000000000000426e-01 4.520000000000000129e-01
3.618000000000000105e-01 6.381999999999999895e-01
2.965999999999999748e-01 7.034000000000000252e-01
5.151999999999999913e-01 4.848000000000000087e-01
3.642000000000000237e-01 6.358000000000000318e-01
6.109999999999999876e-01 3.890000000000000124e-01
4.633999999999999786e-01 5.365999999999999659e-01
7.012000000000000455e-01 2.988000000000000100e-01
6.303999999999999604e-01 3.695999999999999841e-01
5.477999999999999536e-01 4.521999999999999909e-01
5.695999999999999952e-01 4.304000000000000048e-01
5.607999999999999652e-01 4.391999999999999793e-01
3.593999999999999972e-01 6.405999999999999472e-01
5.729999999999999538e-01 4.269999999999999907e-01
1.892000000000000071e-01 8.107999999999999652e-01
5.473999999999999977e-01 4.526000000000000023e-01
5.567999999999999616e-01 4.431999999999999829e-01
4.571999999999999953e-01 5.427999999999999492e-01
6.271999999999999797e-01 3.728000000000000203e-01
3.715999999999999859e-01 6.283999999999999586e-01
5.191999999999999948e-01 4.808000000000000052e-01
5.238000000000000433e-01 4.762000000000000122e-01
7.062000000000000499e-01 2.938000000000000056e-01
6.697999999999999510e-01 3.301999999999999935e-01
8.032000000000000250e-01 1.968000000000000027e-01
7.196000000000000174e-01 2.803999999999999826e-01
6.834000000000000075e-01 3.165999999999999925e-01
5.705999999999999961e-01 4.294000000000000039e-01
6.138000000000000123e-01 3.861999999999999877e-01
6.054000000000000492e-01 3.946000000000000063e-01
6.425999999999999490e-01 3.573999999999999955e-01
3.079999999999999960e-01 6.919999999999999485e-01
8.431999999999999496e-01 1.567999999999999949e-01
2.373999999999999999e-01 7.625999999999999446e-01
8.105999999999999872e-01 1.894000000000000128e-01
5.847999999999999865e-01 4.152000000000000135e-01
8.856000000000000538e-01 1.144000000000000017e-01
6.363999999999999657e-01 3.635999999999999788e-01
6.588000000000000522e-01 3.412000000000000033e-01
5.809999999999999609e-01 4.189999999999999836e-01
6.069999999999999840e-01 3.930000000000000160e-01
4.259999999999999898e-01 5.739999999999999547e-01
4.902000000000000246e-01 5.098000000000000309e-01
1.194000000000000061e-01 8.806000000000000494e-01
6.615999999999999659e-01 3.383999999999999786e-01
6.199999999999999956e-01 3.800000000000000044e-01
5.979999999999999760e-01 4.020000000000000240e-01
6.550000000000000266e-01 3.449999999999999734e-01
6.239999999999999991e-01 3.760000000000000009e-01
3.801999999999999824e-01 6.198000000000000176e-01
4.487999999999999767e-01 5.512000000000000233e-01
8.149999999999999467e-01 1.849999999999999978e-01
6.038000000000000034e-01 3.961999999999999966e-01
4.282000000000000250e-01 5.717999999999999750e-01
5.759999999999999565e-01 4.239999999999999880e-01
5.754000000000000226e-01 4.245999999999999774e-01
7.488000000000000211e-01 2.511999999999999789e-01
4.843999999999999972e-01 5.155999999999999472e-01
5.967999999999999972e-01 4.032000000000000028e-01
6.585999999999999632e-01 3.413999999999999813e-01
3.837999999999999745e-01 6.161999999999999700e-01
5.403999999999999915e-01 4.596000000000000085e-01
5.205999999999999517e-01 4.793999999999999928e-01
6.830000000000000515e-01 3.170000000000000040e-01
4.013999999999999790e-01 5.986000000000000210e-01
4.321999999999999731e-01 5.677999999999999714e-01
4.892000000000000237e-01 5.108000000000000318e-01
1.869999999999999996e-01 8.129999999999999449e-01
7.735999999999999543e-01 2.263999999999999901e-01
6.522000000000000020e-01 3.477999999999999980e-01
2.641999999999999904e-01 7.358000000000000096e-01
5.310000000000000275e-01 4.689999999999999725e-01
4.540000000000000147e-01 5.460000000000000409e-01
3.508000000000000007e-01 6.491999999999999993e-01
6.276000000000000467e-01 3.724000000000000088e-01
6.138000000000000123e-01 3.861999999999999877e-01
4.969999999999999973e-01 5.030000000000000027e-01
2.982000000000000206e-01 7.017999999999999794e-01
7.631999999999999895e-01 2.368000000000000105e-01
6.845999999999999863e-01 3.154000000000000137e-01
5.076000000000000512e-01 4.924000000000000044e-01
6.989999999999999547e-01 3.009999999999999898e-01
4.702000000000000068e-01 5.298000000000000487e-01
5.524000000000000021e-01 4.475999999999999979e-01
4.148000000000000020e-01 5.852000000000000535e-01
4.557999999999999829e-01 5.442000000000000171e-01
4.570000000000000173e-01 5.430000000000000382e-01
3.029999999999999916e-01 6.969999999999999529e-01
8.222000000000000419e-01 1.778000000000000136e-01
6.697999999999999510e-01 3.301999999999999935e-01
7.246000000000000218e-01 2.753999999999999782e-01
8.508000000000000007e-01 1.491999999999999993e-01
2.707999999999999852e-01 7.291999999999999593e-01
6.790000000000000480e-01 3.210000000000000075e-01
6.098000000000000087e-01 3.901999999999999913e-01
6.271999999999999797e-01 3.728000000000000203e-01
2.371999999999999942e-01 7.628000000000000336e-01
4.573999999999999733e-01 5.425999999999999712e-01
1.766000000000000070e-01 8.234000000000000208e-01
6.293999999999999595e-01 3.705999999999999850e-01
6.987999999999999767e-01 3.012000000000000233e-01
5.994000000000000439e-01 4.006000000000000116e-01
3.556000000000000272e-01 6.443999999999999728e-01
4.435999999999999943e-01 5.564000000000000057e-01
6.552000000000000046e-01 3.447999999999999954e-01
3.947999999999999843e-01 6.051999999999999602e-01
2.847999999999999976e-01 7.151999999999999469e-01
1.809999999999999942e-01 8.189999999999999503e-01
5.038000000000000256e-01 4.961999999999999744e-01
3.960000000000000187e-01 6.039999999999999813e-01
6.051999999999999602e-01 3.947999999999999843e-01
5.253999999999999782e-01 4.746000000000000218e-01
6.119999999999999885e-01 3.880000000000000115e-01
3.735999999999999877e-01 6.263999999999999568e-01
5.078000000000000291e-01 4.922000000000000264e-01
4.732000000000000095e-01 5.268000000000000460e-01
5.884000000000000341e-01 4.116000000000000214e-01
6.238000000000000211e-01 3.761999999999999789e-01
3.585999999999999743e-01 6.413999999999999702e-01
6.104000000000000536e-01 3.896000000000000019e-01
3.105999999999999872e-01 6.894000000000000128e-01
6.965999999999999970e-01 3.034000000000000030e-01
4.268000000000000127e-01 5.732000000000000428e-01
6.328000000000000291e-01 3.672000000000000264e-01
5.752000000000000446e-01 4.248000000000000109e-01
6.879999999999999449e-01 3.119999999999999996e-01
5.393999999999999906e-01 4.606000000000000094e-01
5.707999999999999741e-01 4.292000000000000259e-01
6.513999999999999790e-01 3.486000000000000210e-01
7.271999999999999575e-01 2.727999999999999869e-01
3.977999999999999869e-01 6.021999999999999575e-01
5.221999999999999975e-01 4.778000000000000025e-01
7.129999999999999671e-01 2.869999999999999774e-01
4.988000000000000211e-01 5.011999999999999789e-01
4.666000000000000147e-01 5.333999999999999853e-01
5.562000000000000277e-01 4.437999999999999723e-01
4.919999999999999929e-01 5.080000000000000071e-01
6.642000000000000126e-01 3.357999999999999874e-01
7.391999999999999682e-01 2.607999999999999763e-01
8.838000000000000300e-01 1.161999999999999977e-01
6.845999999999999863e-01 3.154000000000000137e-01
3.119999999999999996e-01 6.879999999999999449e-01
4.959999999999999964e-01 5.040000000000000036e-01
6.064000000000000501e-01 3.936000000000000054e-01
4.292000000000000259e-01 5.707999999999999741e-01
5.854000000000000314e-01 4.146000000000000241e-01
6.590000000000000302e-01 3.410000000000000253e-01
4.682000000000000051e-01 5.318000000000000504e-01
4.747999999999999998e-01 5.252000000000000002e-01
3.930000000000000160e-01 6.069999999999999840e-01
6.236000000000000432e-01 3.764000000000000123e-01
5.225999999999999535e-01 4.773999999999999910e-01
7.963999999999999968e-01 2.036000000000000032e-01
5.512000000000000233e-01 4.487999999999999767e-01
5.150000000000000133e-01 4.849999999999999867e-01
4.309999999999999942e-01 5.689999999999999503e-01
7.611999999999999877e-01 2.388000000000000123e-01
6.952000000000000401e-01 3.048000000000000154e-01
5.323999999999999844e-01 4.676000000000000156e-01
6.513999999999999790e-01 3.486000000000000210e-01
6.283999999999999586e-01 3.715999999999999859e-01
5.213999999999999746e-01 4.786000000000000254e-01
5.098000000000000309e-01 4.902000000000000246e-01
4.546000000000000041e-01 5.453999999999999959e-01
5.712000000000000410e-01 4.288000000000000145e-01
3.896000000000000019e-01 6.104000000000000536e-01
7.311999999999999611e-01 2.687999999999999834e-01
5.241999999999999993e-01 4.758000000000000007e-01
7.586000000000000520e-01 2.414000000000000035e-01
4.838000000000000078e-01 5.161999999999999922e-01
5.425999999999999712e-01 4.573999999999999733e-01
5.086000000000000520e-01 4.914000000000000035e-01
9.415999999999999925e-01 5.840000000000000052e-02
4.809999999999999831e-01 5.190000000000000169e-01
3.045999999999999819e-01 6.954000000000000181e-01
5.268000000000000460e-01 4.732000000000000095e-01
4.401999999999999802e-01 5.597999999999999643e-01
5.580000000000000515e-01 4.420000000000000040e-01
4.042000000000000037e-01 5.957999999999999963e-01
6.987999999999999767e-01 3.012000000000000233e-01
4.378000000000000225e-01 5.622000000000000330e-01
3.350000000000000200e-01 6.650000000000000355e-01
7.466000000000000414e-01 2.534000000000000141e-01
5.722000000000000419e-01 4.278000000000000136e-01
4.945999999999999841e-01 5.053999999999999604e-01
6.049999999999999822e-01 3.950000000000000178e-01
6.074000000000000510e-01 3.926000000000000045e-01
6.747999999999999554e-01 3.251999999999999891e-01
7.364000000000000545e-01 2.636000000000000010e-01
8.656000000000000361e-01 1.343999999999999917e-01
3.986000000000000099e-01 6.014000000000000457e-01
6.962000000000000410e-01 3.038000000000000145e-01
7.056000000000000050e-01 2.943999999999999950e-01
1.313999999999999890e-01 8.686000000000000387e-01
7.588000000000000300e-01 2.411999999999999977e-01
3.662000000000000255e-01 6.338000000000000300e-01
2.614000000000000212e-01 7.386000000000000343e-01
4.203999999999999959e-01 5.796000000000000041e-01
4.259999999999999898e-01 5.739999999999999547e-01
3.585999999999999743e-01 6.413999999999999702e-01
6.019999999999999796e-01 3.980000000000000204e-01
7.528000000000000247e-01 2.472000000000000031e-01
6.236000000000000432e-01 3.764000000000000123e-01
5.165999999999999481e-01 4.833999999999999964e-01
7.059999999999999609e-01 2.939999999999999836e-01
4.033999999999999808e-01 5.966000000000000192e-01
5.016000000000000458e-01 4.984000000000000097e-01
6.211999999999999744e-01 3.788000000000000256e-01
6.830000000000000515e-01 3.170000000000000040e-01
6.999999999999999556e-01 2.999999999999999889e-01
5.303999999999999826e-01 4.696000000000000174e-01
2.753999999999999782e-01 7.246000000000000218e-01
6.585999999999999632e-01 3.413999999999999813e-01
4.672000000000000042e-01 5.328000000000000513e-01
5.175999999999999490e-01 4.823999999999999955e-01
7.149999999999999689e-01 2.849999999999999756e-01
5.201999999999999957e-01 4.798000000000000043e-01
5.410000000000000364e-01 4.590000000000000191e-01
7.348000000000000087e-01 2.651999999999999913e-01
6.905999999999999917e-01 3.094000000000000083e-01
5.365999999999999659e-01 4.633999999999999786e-01
3.645999999999999797e-01 6.353999999999999648e-01
5.278000000000000469e-01 4.722000000000000086e-01
5.837999999999999856e-01 4.162000000000000144e-01
5.562000000000000277e-01 4.437999999999999723e-01
4.079999999999999738e-01 5.919999999999999707e-01
4.338000000000000189e-01 5.662000000000000366e-01
3.522000000000000131e-01 6.478000000000000425e-01
4.829999999999999849e-01 5.170000000000000151e-01
5.483999999999999986e-01 4.516000000000000014e-01
6.163999999999999480e-01 3.835999999999999965e-01
6.119999999999999885e-01 3.880000000000000115e-01
3.099999999999999978e-01 6.899999999999999467e-01
5.235999999999999543e-01 4.763999999999999901e-01
6.321999999999999842e-01 3.678000000000000158e-01
7.650000000000000133e-01 2.349999999999999867e-01
4.471999999999999864e-01 5.527999999999999581e-01
7.660000000000000142e-01 2.340000000000000135e-01
4.312000000000000277e-01 5.687999999999999723e-01
6.925999999999999934e-01 3.074000000000000066e-01
6.882000000000000339e-01 3.118000000000000216e-01
3.605999999999999761e-01 6.393999999999999684e-01
6.306000000000000494e-01 3.694000000000000061e-01
4.677999999999999936e-01 5.322000000000000064e-01
7.643999999999999684e-01 2.356000000000000039e-01
3.543999999999999928e-01 6.455999999999999517e-01
1.464000000000000024e-01 8.536000000000000254e-01
6.346000000000000529e-01 3.654000000000000026e-01
8.014000000000000012e-01 1.985999999999999988e-01
7.124000000000000332e-01 2.876000000000000223e-01
6.760000000000000453e-01 3.240000000000000102e-01
7.586000000000000520e-01 2.414000000000000035e-01
6.975999999999999979e-01 3.024000000000000021e-01
4.958000000000000185e-01 5.041999999999999815e-01
6.705999999999999739e-01 3.294000000000000261e-01
2.429999999999999938e-01 7.570000000000000062e-01
4.863999999999999990e-01 5.135999999999999455e-01
4.026000000000000134e-01 5.974000000000000421e-01
3.215999999999999970e-01 6.784000000000000030e-01
4.447999999999999732e-01 5.552000000000000268e-01
4.536000000000000032e-01 5.463999999999999968e-01
6.894000000000000128e-01 3.105999999999999872e-01
3.615999999999999770e-01 6.383999999999999675e-01
4.481999999999999873e-01 5.517999999999999572e-01
6.488000000000000433e-01 3.512000000000000122e-01
4.647999999999999909e-01 5.352000000000000091e-01
7.219999999999999751e-01 2.780000000000000249e-01
6.206000000000000405e-01 3.794000000000000150e-01
3.791999999999999815e-01 6.208000000000000185e-01
4.909999999999999920e-01 5.090000000000000080e-01
5.544000000000000039e-01 4.455999999999999961e-01
4.288000000000000145e-01 5.712000000000000410e-01
2.587999999999999745e-01 7.411999999999999700e-01
6.039999999999999813e-01 3.960000000000000187e-01
5.125999999999999446e-01 4.873999999999999999e-01
5.964000000000000412e-01 4.036000000000000143e-01
8.673999999999999488e-01 1.325999999999999956e-01
4.636000000000000121e-01 5.363999999999999879e-01
8.900000000000000133e-01 1.100000000000000006e-01
9.627999999999999892e-01 3.719999999999999696e-02
5.071999999999999842e-01 4.928000000000000158e-01
8.197999999999999732e-01 1.801999999999999991e-01
3.750000000000000000e-01 6.250000000000000000e-01
7.096000000000000085e-01 2.903999999999999915e-01
5.465999999999999748e-01 4.534000000000000252e-01
3.795999999999999930e-01 6.203999999999999515e-01
2.565999999999999948e-01 7.433999999999999497e-01
3.356000000000000094e-01 6.643999999999999906e-01
7.753999999999999782e-01 2.245999999999999941e-01
6.518000000000000460e-01 3.482000000000000095e-01
4.485999999999999988e-01 5.514000000000000012e-01
3.755999999999999894e-01 6.243999999999999551e-01
5.794000000000000261e-01 4.205999999999999739e-01
5.917999999999999927e-01 4.082000000000000073e-01
7.523999999999999577e-01 2.475999999999999868e-01
7.653999999999999693e-01 2.346000000000000030e-01
5.248000000000000442e-01 4.752000000000000113e-01
4.672000000000000042e-01 5.328000000000000513e-01
4.825999999999999734e-01 5.173999999999999710e-01
4.222000000000000197e-01 5.777999999999999803e-01
2.391999999999999960e-01 7.608000000000000318e-01
3.739999999999999991e-01 6.260000000000000009e-01
6.201999999999999735e-01 3.798000000000000265e-01
5.577999999999999625e-01 4.421999999999999820e-01
4.547999999999999821e-01 5.452000000000000179e-01
3.207999999999999741e-01 6.792000000000000259e-01
6.665999999999999703e-01 3.333999999999999742e-01
6.647999999999999465e-01 3.351999999999999980e-01
2.631999999999999895e-01 7.368000000000000105e-01
7.933999999999999941e-01 2.066000000000000059e-01
3.632000000000000228e-01 6.368000000000000327e-01
5.415999999999999703e-01 4.583999999999999742e-01
1.189999999999999947e-01 8.810000000000000053e-01
6.932000000000000384e-01 3.068000000000000171e-01
4.544000000000000261e-01 5.455999999999999739e-01
5.310000000000000275e-01 4.689999999999999725e-01
5.096000000000000529e-01 4.904000000000000026e-01
3.947999999999999843e-01 6.051999999999999602e-01
3.834000000000000186e-01 6.166000000000000369e-01
7.763999999999999790e-01 2.235999999999999932e-01
7.670000000000000151e-01 2.330000000000000127e-01
6.208000000000000185e-01 3.791999999999999815e-01
8.524000000000000465e-01 1.476000000000000090e-01
5.927999999999999936e-01 4.072000000000000064e-01
5.704000000000000181e-01 4.295999999999999819e-01
5.290000000000000258e-01 4.709999999999999742e-01
5.941999999999999504e-01 4.057999999999999940e-01
4.183999999999999941e-01 5.816000000000000059e-01
7.782000000000000028e-01 2.217999999999999972e-01
2.843999999999999861e-01 7.156000000000000139e-01
3.499999999999999778e-01 6.500000000000000222e-01
1.784000000000000030e-01 8.215999999999999970e-01
4.188000000000000056e-01 5.812000000000000499e-01
5.675999999999999934e-01 4.324000000000000066e-01
6.420000000000000151e-01 3.579999999999999849e-01
6.740000000000000435e-01 3.260000000000000120e-01
4.107999999999999985e-01 5.891999999999999460e-01
5.158000000000000362e-01 4.842000000000000193e-01
5.984000000000000430e-01 4.016000000000000125e-01
2.640000000000000124e-01 7.359999999999999876e-01
4.722000000000000086e-01 5.278000000000000469e-01
2.353999999999999981e-01 7.645999999999999464e-01
3.758000000000000229e-01 6.241999999999999771e-01
6.834000000000000075e-01 3.165999999999999925e-01
7.843999999999999861e-01 2.156000000000000139e-01
6.049999999999999822e-01 3.950000000000000178e-01
4.652000000000000024e-01 5.348000000000000531e-01
6.411999999999999922e-01 3.588000000000000078e-01
6.353999999999999648e-01 3.645999999999999797e-01
6.475999999999999535e-01 3.523999999999999910e-01
5.433999999999999941e-01 4.566000000000000059e-01
6.592000000000000082e-01 3.407999999999999918e-01
2.200000000000000011e-01 7.800000000000000266e-01
6.395999999999999464e-01 3.603999999999999981e-01
4.314000000000000057e-01 5.685999999999999943e-01
4.312000000000000277e-01 5.687999999999999723e-01
7.486000000000000432e-01 2.514000000000000123e-01
4.689999999999999725e-01 5.310000000000000275e-01
5.368000000000000549e-01 4.632000000000000006e-01
5.128000000000000336e-01 4.872000000000000219e-01
4.646000000000000130e-01 5.353999999999999870e-01
7.017999999999999794e-01 2.982000000000000206e-01
6.091999999999999638e-01 3.907999999999999807e-01
5.826000000000000068e-01 4.173999999999999932e-01
9.711999999999999522e-01 2.879999999999999921e-02
4.016000000000000125e-01 5.984000000000000430e-01
4.172000000000000153e-01 5.827999999999999847e-01
6.318000000000000282e-01 3.682000000000000273e-01
4.838000000000000078e-01 5.161999999999999922e-01
5.051999999999999824e-01 4.948000000000000176e-01
9.724000000000000421e-01 2.759999999999999953e-02
5.425999999999999712e-01 4.573999999999999733e-01
4.099999999999999756e-01 5.899999999999999689e-01
5.709999999999999520e-01 4.289999999999999925e-01
5.010000000000000009e-01 4.989999999999999991e-01
4.057999999999999940e-01 5.941999999999999504e-01
5.475999999999999757e-01 4.524000000000000243e-01
6.340000000000000080e-01 3.659999999999999920e-01
5.375999999999999668e-01 4.623999999999999777e-01
3.085999999999999854e-01 6.914000000000000146e-01
7.376000000000000334e-01 2.624000000000000221e-01
7.274000000000000465e-01 2.726000000000000090e-01
3.996000000000000107e-01 6.004000000000000448e-01
8.024000000000000021e-01 1.975999999999999979e-01
6.515999999999999570e-01 3.483999999999999875e-01
5.066000000000000503e-01 4.934000000000000052e-01
2.510000000000000009e-01 7.489999999999999991e-01
5.847999999999999865e-01 4.152000000000000135e-01
7.368000000000000105e-01 2.631999999999999895e-01
3.694000000000000061e-01 6.306000000000000494e-01
4.984000000000000097e-01 5.016000000000000458e-01
5.370000000000000329e-01 4.630000000000000226e-01
3.751999999999999780e-01 6.248000000000000220e-01
7.992000000000000215e-01 2.008000000000000063e-01
3.638000000000000123e-01 6.361999999999999877e-01
6.228000000000000203e-01 3.771999999999999797e-01
1.593999999999999861e-01 8.406000000000000139e-01
6.972000000000000419e-01 3.028000000000000136e-01
4.123999999999999888e-01 5.876000000000000112e-01
7.773999999999999799e-01 2.225999999999999923e-01
5.010000000000000009e-01 4.989999999999999991e-01
8.746000000000000441e-01 1.254000000000000115e-01
5.273999999999999799e-01 4.726000000000000201e-01
5.707999999999999741e-01 4.292000000000000259e-01
3.187999999999999723e-01 6.812000000000000277e-01
5.048000000000000265e-01 4.951999999999999735e-01
5.745999999999999996e-01 4.254000000000000004e-01
6.026000000000000245e-01 3.973999999999999755e-01
7.092000000000000526e-01 2.908000000000000029e-01
4.842000000000000193e-01 5.158000000000000362e-01
4.282000000000000250e-01 5.717999999999999750e-01
6.697999999999999510e-01 3.301999999999999935e-01
4.189999999999999836e-01 5.809999999999999609e-01
4.843999999999999972e-01 5.155999999999999472e-01
6.353999999999999648e-01 3.645999999999999797e-01
6.094000000000000528e-01 3.906000000000000028e-01
5.060000000000000053e-01 4.939999999999999947e-01
5.610000000000000542e-01 4.390000000000000013e-01
4.939999999999999947e-01 5.060000000000000053e-01
3.012000000000000233e-01 6.987999999999999767e-01
4.632000000000000006e-01 5.368000000000000549e-01
6.475999999999999535e-01 3.523999999999999910e-01
5.717999999999999750e-01 4.282000000000000250e-01
3.814000000000000168e-01 6.186000000000000387e-01
6.687999999999999501e-01 3.311999999999999944e-01
8.659999999999999920e-01 1.340000000000000080e-01
4.544000000000000261e-01 5.455999999999999739e-01
6.104000000000000536e-01 3.896000000000000019e-01
5.911999999999999478e-01 4.087999999999999967e-01
7.166000000000000147e-01 2.833999999999999853e-01
4.269999999999999907e-01 5.729999999999999538e-01
5.937999999999999945e-01 4.062000000000000055e-01
3.477999999999999980e-01 6.522000000000000020e-01
5.759999999999999565e-01 4.239999999999999880e-01
7.408000000000000140e-01 2.591999999999999860e-01
6.393999999999999684e-01 3.605999999999999761e-01
3.931999999999999940e-01 6.068000000000000060e-01
7.586000000000000520e-01 2.414000000000000035e-01
3.855999999999999983e-01 6.143999999999999462e-01
4.060000000000000275e-01 5.939999999999999725e-01
5.924000000000000377e-01 4.076000000000000179e-01
5.907999999999999918e-01 4.092000000000000082e-01
8.389999999999999680e-01 1.610000000000000042e-01
4.610000000000000209e-01 5.390000000000000346e-01
7.311999999999999611e-01 2.687999999999999834e-01
4.391999999999999793e-01 5.607999999999999652e-01
5.088000000000000300e-01 4.912000000000000255e-01
6.029999999999999805e-01 3.970000000000000195e-01
3.231999999999999873e-01 6.767999999999999572e-01
6.243999999999999551e-01 3.755999999999999894e-01
6.141999999999999682e-01 3.857999999999999763e-01
5.949999999999999734e-01 4.050000000000000266e-01
3.579999999999999849e-01 6.420000000000000151e-01
4.643999999999999795e-01 5.355999999999999650e-01
3.679999999999999938e-01 6.320000000000000062e-01
3.990000000000000213e-01 6.009999999999999787e-01
7.743999999999999773e-01 2.255999999999999950e-01
2.843999999999999861e-01 7.156000000000000139e-01
5.884000000000000341e-01 4.116000000000000214e-01
4.067999999999999949e-01 5.931999999999999496e-01
6.019999999999999796e-01 3.980000000000000204e-01
2.475999999999999868e-01 7.523999999999999577e-01
4.193999999999999950e-01 5.806000000000000050e-01
4.747999999999999998e-01 5.252000000000000002e-01
5.719999999999999529e-01 4.279999999999999916e-01
3.977999999999999869e-01 6.021999999999999575e-01
6.932000000000000384e-01 3.068000000000000171e-01
5.886000000000000121e-01 4.113999999999999879e-01
4.776000000000000245e-01 5.223999999999999755e-01
5.819999999999999618e-01 4.179999999999999827e-01
5.842000000000000526e-01 4.158000000000000029e-01
6.410000000000000142e-01 3.589999999999999858e-01
5.258000000000000451e-01 4.742000000000000104e-01
2.253999999999999893e-01 7.745999999999999552e-01
3.276000000000000023e-01 6.723999999999999977e-01
5.313999999999999835e-01 4.686000000000000165e-01
6.932000000000000384e-01 3.068000000000000171e-01
2.846000000000000196e-01 7.154000000000000359e-01
5.158000000000000362e-01 4.842000000000000193e-01
3.724000000000000088e-01 6.276000000000000467e-01
2.886000000000000232e-01 7.114000000000000323e-01
7.798000000000000487e-01 2.202000000000000068e-01
2.677999999999999825e-01 7.321999999999999620e-01
8.381999999999999451e-01 1.617999999999999994e-01
3.778000000000000247e-01 6.221999999999999753e-01
8.017999999999999572e-01 1.981999999999999873e-01
5.093999999999999639e-01 4.905999999999999805e-01
6.014000000000000457e-01 3.986000000000000099e-01
4.686000000000000165e-01 5.313999999999999835e-01
4.879999999999999893e-01 5.120000000000000107e-01
7.571999999999999842e-01 2.427999999999999881e-01
3.926000000000000045e-01 6.074000000000000510e-01
3.261999999999999900e-01 6.737999999999999545e-01
4.195999999999999730e-01 5.804000000000000270e-01
5.348000000000000531e-01 4.652000000000000024e-01
5.846000000000000085e-01 4.153999999999999915e-01
1.690000000000000113e-01 8.309999999999999609e-01
9.839999999999999858e-01 1.600000000000000033e-02
4.892000000000000237e-01 5.108000000000000318e-01
5.390000000000000346e-01 4.610000000000000209e-01
8.257999999999999785e-01 1.741999999999999937e-01
4.445999999999999952e-01 5.554000000000000048e-01
2.033999999999999975e-01 7.965999999999999748e-01
4.918000000000000149e-01 5.081999999999999851e-01
5.977999999999999980e-01 4.022000000000000020e-01
6.563999999999999835e-01 3.436000000000000165e-01
8.284000000000000252e-01 1.716000000000000025e-01
9.015999999999999570e-01 9.840000000000000135e-02
4.833999999999999964e-01 5.165999999999999481e-01
7.393999999999999462e-01 2.605999999999999983e-01
7.398000000000000131e-01 2.601999999999999869e-01
4.872000000000000219e-01 5.128000000000000336e-01
9.023999999999999799e-01 9.760000000000000620e-02
5.842000000000000526e-01 4.158000000000000029e-01
6.612000000000000099e-01 3.387999999999999901e-01
4.235999999999999766e-01 5.764000000000000234e-01
3.002000000000000224e-01 6.997999999999999776e-01
7.042000000000000481e-01 2.958000000000000074e-01
2.627999999999999781e-01 7.371999999999999664e-01
6.019999999999999796e-01 3.980000000000000204e-01
4.968000000000000194e-01 5.031999999999999806e-01
3.971999999999999975e-01 6.028000000000000025e-01
6.840000000000000524e-01 3.160000000000000031e-01
4.338000000000000189e-01 5.662000000000000366e-01
4.289999999999999925e-01 5.709999999999999520e-01
7.258000000000000007e-01 2.741999999999999993e-01
5.826000000000000068e-01 4.173999999999999932e-01
2.863999999999999879e-01 7.136000000000000121e-01
5.727999999999999758e-01 4.272000000000000242e-01
3.347999999999999865e-01 6.652000000000000135e-01
4.445999999999999952e-01 5.554000000000000048e-01
6.071999999999999620e-01 3.927999999999999825e-01
9.799999999999999822e-01 2.000000000000000042e-02
4.122000000000000108e-01 5.877999999999999892e-01
2.780000000000000249e-01 7.219999999999999751e-01
6.558000000000000496e-01 3.442000000000000060e-01
4.335999999999999854e-01 5.664000000000000146e-01
7.593999999999999639e-01 2.406000000000000083e-01
4.747999999999999998e-01 5.252000000000000002e-01
8.491999999999999549e-01 1.507999999999999896e-01
4.132000000000000117e-01 5.867999999999999883e-01
6.253999999999999559e-01 3.745999999999999885e-01
6.380000000000000115e-01 3.619999999999999885e-01
7.895999999999999686e-01 2.104000000000000037e-01
3.652000000000000246e-01 6.348000000000000309e-01
6.193999999999999506e-01 3.805999999999999939e-01
5.537999999999999590e-01 4.461999999999999855e-01
7.463999999999999524e-01 2.535999999999999921e-01
2.510000000000000009e-01 7.489999999999999991e-01
7.843999999999999861e-01 2.156000000000000139e-01
6.385999999999999455e-01 3.613999999999999990e-01
7.314000000000000501e-01 2.686000000000000054e-01
4.232000000000000206e-01 5.767999999999999794e-01
5.944000000000000394e-01 4.056000000000000161e-01
3.513999999999999901e-01 6.485999999999999543e-01
6.522000000000000020e-01 3.477999999999999980e-01
3.528000000000000025e-01 6.471999999999999975e-01
5.729999999999999538e-01 4.269999999999999907e-01
8.097999999999999643e-01 1.902000000000000079e-01
6.705999999999999739e-01 3.294000000000000261e-01
2.384000000000000008e-01 7.616000000000000547e-01
8.044000000000000039e-01 1.955999999999999961e-01
7.234000000000000430e-01 2.766000000000000125e-01
3.529999999999999805e-01 6.470000000000000195e-01
8.411999999999999478e-01 1.587999999999999967e-01
5.430000000000000382e-01 4.570000000000000173e-01
6.176000000000000378e-01 3.824000000000000177e-01
7.134000000000000341e-01 2.866000000000000214e-01
7.159999999999999698e-01 2.839999999999999747e-01
6.757999999999999563e-01 3.241999999999999882e-01
6.263999999999999568e-01 3.735999999999999877e-01
4.540000000000000147e-01 5.460000000000000409e-01
7.775999999999999579e-01 2.223999999999999866e-01
7.179999999999999716e-01 2.819999999999999729e-01
6.815999999999999837e-01 3.184000000000000163e-01
6.091999999999999638e-01 3.907999999999999807e-01
3.781999999999999806e-01 6.218000000000000194e-01
5.517999999999999572e-01 4.481999999999999873e-01
7.037999999999999812e-01 2.962000000000000188e-01
4.258000000000000118e-01 5.742000000000000437e-01
7.625999999999999446e-01 2.373999999999999999e-01
6.667999999999999483e-01 3.331999999999999962e-01
3.148000000000000242e-01 6.852000000000000313e-01
8.034000000000000030e-01 1.965999999999999970e-01
5.407999999999999474e-01 4.591999999999999971e-01
5.033999999999999586e-01 4.965999999999999859e-01
5.926000000000000156e-01 4.073999999999999844e-01
3.652000000000000246e-01 6.348000000000000309e-01
3.623999999999999999e-01 6.375999999999999446e-01
7.251999999999999558e-01 2.747999999999999887e-01
5.447999999999999510e-01 4.551999999999999935e-01
4.521999999999999909e-01 5.477999999999999536e-01
3.906000000000000028e-01 6.094000000000000528e-01
4.047999999999999932e-01 5.951999999999999513e-01
3.612000000000000210e-01 6.388000000000000345e-01
5.283999999999999808e-01 4.716000000000000192e-01
2.690000000000000169e-01 7.309999999999999831e-01
5.695999999999999952e-01 4.304000000000000048e-01
6.243999999999999551e-01 3.755999999999999894e-01
4.813999999999999946e-01 5.185999999999999499e-01
5.060000000000000053e-01 4.939999999999999947e-01
6.321999999999999842e-01 3.678000000000000158e-01
4.365999999999999881e-01 5.634000000000000119e-01
7.730000000000000204e-01 2.270000000000000073e-01
4.873999999999999999e-01 5.125999999999999446e-01
4.205999999999999739e-01 5.794000000000000261e-01
5.911999999999999478e-01 4.087999999999999967e-01
7.800000000000000266e-01 2.200000000000000011e-01
4.359999999999999987e-01 5.639999999999999458e-01
8.007999999999999563e-01 1.991999999999999882e-01
5.924000000000000377e-01 4.076000000000000179e-01
2.726000000000000090e-01 7.274000000000000465e-01
6.129999999999999893e-01 3.870000000000000107e-01
2.707999999999999852e-01 7.291999999999999593e-01
4.384000000000000119e-01 5.615999999999999881e-01
4.955999999999999850e-01 5.043999999999999595e-01
3.714000000000000079e-01 6.286000000000000476e-01
7.810000000000000275e-01 2.190000000000000002e-01
4.495999999999999996e-01 5.504000000000000004e-01
4.198000000000000065e-01 5.802000000000000490e-01
5.290000000000000258e-01 4.709999999999999742e-01
5.215999999999999526e-01 4.783999999999999919e-01
7.039999999999999591e-01 2.959999999999999853e-01
4.390000000000000013e-01 5.610000000000000542e-01
7.224000000000000421e-01 2.776000000000000134e-01
4.517999999999999794e-01 5.482000000000000206e-01
3.668000000000000149e-01 6.331999999999999851e-01
8.541999999999999593e-01 1.458000000000000129e-01
5.485999999999999766e-01 4.514000000000000234e-01
6.201999999999999735e-01 3.798000000000000265e-01
6.944000000000000172e-01 3.055999999999999828e-01
3.625999999999999779e-01 6.373999999999999666e-01
8.112000000000000322e-01 1.887999999999999956e-01
5.110000000000000098e-01 4.889999999999999902e-01
4.268000000000000127e-01 5.732000000000000428e-01
6.226000000000000423e-01 3.774000000000000132e-01
3.682000000000000273e-01 6.318000000000000282e-01
7.024000000000000243e-01 2.975999999999999757e-01
6.570000000000000284e-01 3.430000000000000271e-01
3.857999999999999763e-01 6.141999999999999682e-01
3.652000000000000246e-01 6.348000000000000309e-01
6.488000000000000433e-01 3.512000000000000122e-01
4.205999999999999739e-01 5.794000000000000261e-01
5.819999999999999618e-01 4.179999999999999827e-01
4.561999999999999944e-01 5.437999999999999501e-01
7.009999999999999565e-01 2.989999999999999880e-01
4.238000000000000100e-01 5.762000000000000455e-01
5.724000000000000199e-01 4.275999999999999801e-01
5.011999999999999789e-01 4.988000000000000211e-01
5.215999999999999526e-01 4.783999999999999919e-01
5.350000000000000311e-01 4.650000000000000244e-01
6.051999999999999602e-01 3.947999999999999843e-01
4.269999999999999907e-01 5.729999999999999538e-01
